  0.20000000000000001        0.0000000000000000     
  0.40000000000000002        0.0000000000000000     
  0.60000000000000009        0.0000000000000000     
  0.80000000000000004        3.5977951183606253E-004
   1.0000000000000000       0.14621439361017582     
   1.2000000000000002        4.2634671662599706     
   1.4000000000000001       0.83927014940631195     
   1.6000000000000001       0.14292241107687584     
   1.8000000000000000        2.0942187960069316     
   2.0000000000000000       0.20521823355129010     
   2.2000000000000002        3.5680612744072313E-003
   2.4000000000000004       0.10689449051662567     
   2.6000000000000001        1.5174946302303831     
   2.8000000000000003        1.0348139853087206     
   3.0000000000000000        2.7563268058779165     
   3.2000000000000002        1.3694107669260129     
   3.4000000000000004       0.16626046146965334     
   3.6000000000000001       0.38253889725146978     
   3.8000000000000003        1.5918160464729874     
   4.0000000000000000        2.2001236707798899     
   4.2000000000000002       0.87303884227233997     
   4.4000000000000004       0.10383058308525044     
   4.6000000000000005       0.76190010739398872     
   4.8000000000000007        1.3809736806814106     
   5.0000000000000000        1.1636086831829155     
   5.2000000000000002       0.19269705499025466     
   5.4000000000000004        1.5288763729637951     
   5.6000000000000005        1.4583185253738684     
   5.8000000000000007       0.33892684533792095     
   6.0000000000000000        1.6554654604616692     
   6.2000000000000002        1.4878893236875463     
   6.4000000000000004       0.32872042116583994     
   6.6000000000000005        1.5115523342230683     
   6.8000000000000007        1.1946372873012974     
   7.0000000000000000       0.22407009257637839     
   7.2000000000000002        1.7186045439277140     
   7.4000000000000004       0.63891795453562239     
   7.6000000000000005       0.99503252867927838     
   7.8000000000000007       0.95250502186815023     
   8.0000000000000000       0.51805011688786484     
